For year:1998

[0.002091750542702656, 0.02290074153748183, 0.009379854653471478, 0.0039302335546096325, 0.0028664804916423738]
[-0.00334987  0.01554925  0.00540884  0.00603367  0.01003399]
[-0.0052836   0.01241012  0.00282479  0.00452357  0.00948512]
[-0.00629787  0.01078814  0.00138488  0.00360391  0.00908283]
[-0.00681492  0.00998498  0.00065066  0.00313716  0.00888171]
[-0.00706613  0.00960567  0.00029449  0.00291297  0.00878747]
[-0.00718484  0.009431    0.00012664  0.00280819  0.0087444 ]
[-7.24013161e-03  9.35141958e-03  4.88349158e-05  2.75986545e-03
  8.72486861e-03]
[-7.26568928e-03  9.31529519e-03  1.30946683e-05  2.73771670e-03
  8.71601866e-03]
[-7.27745117e-03  9.29890807e-03 -3.24476489e-06  2.72759513e-03
  8.71200424e-03]
[-7.28284886e-03  9.29147186e-03 -1.06966955e-05  2.72297654e-03
  8.71018095e-03]
[-7.28532110e-03  9.28809542e-03 -1.40913868e-05  2.72087066e-03
  8.70935206e-03]
[-7.28645180e-03  9.28656144e-03 -1.56370336e-05  2.71991090e-03
  8.70897501e-03]
[-7.28696838e-03  9.28586419e-03 -1.63406476e-05  2.71947361e-03
  8.70880344e-03]
[-7.28720420e-03  9.28554714e-03 -1.66609316e-05  2.71927440e-03
  8.70872535e-03]
[-7.28731178e-03  9.28540293e-03 -1.68067255e-05  2.71918367e-03
  8.70868981e-03]
[-7.28736084e-03  9.28533732e-03 -1.68730930e-05  2.71914235e-03
  8.70867363e-03]
[-7.28738321e-03  9.28530746e-03 -1.69033055e-05  2.71912353e-03
  8.70866626e-03]
[-7.28739340e-03  9.28529387e-03 -1.69170596e-05  2.71911496e-03
  8.70866291e-03]
[-7.28739804e-03  9.28528769e-03 -1.69233212e-05  2.71911106e-03
  8.70866138e-03]
[-7.28740015e-03  9.28528487e-03 -1.69261719e-05  2.71910928e-03
  8.70866069e-03]
[-7.28740112e-03  9.28528359e-03 -1.69274697e-05  2.71910847e-03
  8.70866037e-03]
[-7.28740156e-03  9.28528301e-03 -1.69280606e-05  2.71910810e-03
  8.70866023e-03]
[-7.28740176e-03  9.28528274e-03 -1.69283296e-05  2.71910794e-03
  8.70866016e-03]


For year:1999

[0.0036238068343856845, 0.0016089885242387466, 0.0016917961864609784, 0.0006930436478653374, 0.0008375631626996711]
[ 0.0005898   0.0203818   0.01205399 -0.00088469  0.00204507]
[0.00197541 0.02842887 0.01538055 0.00041551 0.00337065]
[0.00377413 0.03495853 0.01751049 0.00134545 0.00404953]
[0.00532541 0.03946946 0.01880996 0.00190559 0.00430497]
[0.00645701 0.04239096 0.01959201 0.00223119 0.0043784 ]
[0.00721097 0.04423796 0.02007459 0.00242392 0.00439459]
[0.00769009 0.04539392 0.02038013 0.0025404  0.00439691]
[0.00798772 0.04611398 0.02057589 0.00261173 0.0043971 ]
[0.00817087 0.04656146 0.02070138 0.00265573 0.00439744]
[0.00828329 0.04683922 0.02078144 0.00268296 0.004398  ]
[0.00835231 0.04701152 0.0208322  0.00269984 0.00439858]
[0.00839477 0.04711837 0.02086419 0.00271031 0.00439906]
[0.00842092 0.04718462 0.02088426 0.0027168  0.00439943]
[0.00843707 0.04722569 0.02089681 0.00272083 0.00439968]
[0.00844704 0.04725114 0.02090463 0.00272333 0.00439985]
[0.00845321 0.04726693 0.0209095  0.00272488 0.00439996]
[0.00845702 0.04727671 0.02091252 0.00272584 0.00440004]
[0.00845939 0.04728277 0.0209144  0.00272643 0.00440008]
[0.00846085 0.04728653 0.02091557 0.0027268  0.00440011]
[0.00846176 0.04728886 0.02091629 0.00272703 0.00440013]
[0.00846232 0.0472903  0.02091674 0.00272717 0.00440014]
[0.00846267 0.0472912  0.02091702 0.00272726 0.00440014]
[0.00846289 0.04729175 0.02091719 0.00272731 0.00440015]
[0.00846302 0.0472921  0.02091729 0.00272735 0.00440015]
[0.0084631  0.04729231 0.02091736 0.00272737 0.00440015]
[0.00846315 0.04729244 0.0209174  0.00272738 0.00440015]
[0.00846319 0.04729253 0.02091743 0.00272739 0.00440016]
[0.00846321 0.04729258 0.02091744 0.00272739 0.00440016]
[0.00846322 0.04729261 0.02091745 0.0027274  0.00440016]
[0.00846323 0.04729263 0.02091746 0.0027274  0.00440016]
[0.00846323 0.04729264 0.02091746 0.0027274  0.00440016]
[0.00846323 0.04729265 0.02091746 0.0027274  0.00440016]
[0.00846323 0.04729265 0.02091747 0.0027274  0.00440016]
[0.00846324 0.04729265 0.02091747 0.0027274  0.00440016]
[0.00846324 0.04729266 0.02091747 0.0027274  0.00440016]
[0.00846324 0.04729266 0.02091747 0.0027274  0.00440016]
[0.00846324 0.04729266 0.02091747 0.0027274  0.00440016]


For year:2000

[-0.004898245064999355, -0.00617062494922036, -0.00035245314598615206, -0.0003613598171530303, -0.00020794070334387998]
[ 0.0081861  -0.00257407 -0.00741965 -0.00533627  0.00232004]
[ 0.01316794  0.00267313 -0.00723709 -0.00503104  0.00283541]
[ 0.01568524  0.00543006 -0.00660975 -0.00457622  0.00342761]
[ 0.01690269  0.00671619 -0.00609719 -0.00426171  0.00382891]
[ 0.01746351  0.00728601 -0.00575803 -0.00408646  0.00406591]
[ 0.0177168   0.00753397 -0.00555032 -0.00399769  0.00419899]
[ 0.01783154  0.00764218 -0.00542796 -0.00395407  0.00427241]
[ 0.01788439  0.00769016 -0.00535765 -0.00393258  0.00431263]
[ 0.0179093   0.00771192 -0.00531798 -0.00392185  0.00433459]
[ 0.01792134  0.00772206 -0.0052959  -0.0039164   0.00434653]
[ 0.01792729  0.00772691 -0.00528372 -0.00391359  0.00435301]
[ 0.01793029  0.00772929 -0.00527706 -0.00391213  0.00435652]
[ 0.01793183  0.00773048 -0.00527343 -0.00391136  0.00435842]
[ 0.01793263  0.00773109 -0.00527146 -0.00391095  0.00435944]
[ 0.01793305  0.00773141 -0.00527039 -0.00391073  0.00435999]
[ 0.01793327  0.00773157 -0.00526981 -0.00391061  0.00436029]
[ 0.01793338  0.00773166 -0.0052695  -0.00391055  0.00436045]
[ 0.01793345  0.0077317  -0.00526933 -0.00391052  0.00436053]
[ 0.01793348  0.00773173 -0.00526924 -0.0039105   0.00436058]
[ 0.0179335   0.00773174 -0.0052692  -0.00391049  0.00436061]
[ 0.01793351  0.00773175 -0.00526917 -0.00391049  0.00436062]
[ 0.01793351  0.00773175 -0.00526916 -0.00391048  0.00436063]
[ 0.01793352  0.00773175 -0.00526915 -0.00391048  0.00436063]
[ 0.01793352  0.00773175 -0.00526914 -0.00391048  0.00436063]
[ 0.01793352  0.00773176 -0.00526914 -0.00391048  0.00436063]
[ 0.01793352  0.00773176 -0.00526914 -0.00391048  0.00436063]
[ 0.01793352  0.00773176 -0.00526914 -0.00391048  0.00436063]


For year:2001

[0.0017216246384479104, -0.0016699980304456824, -0.0004435519968319671, -0.0005783210995435724, -0.0002813048531275422]
[ 0.00363273 -0.06238494 -0.01431127 -0.01528568 -0.00923995]
[-0.00085024 -0.07016947 -0.02001684 -0.01800573 -0.01130281]
[-0.00326145 -0.07299161 -0.02625852 -0.0188465  -0.01225844]
[-0.00470931 -0.07455149 -0.03080099 -0.01953731 -0.01309724]
[-0.00546516 -0.07535405 -0.03375378 -0.02005432 -0.0137401 ]
[-0.00580556 -0.07571244 -0.03555768 -0.02040709 -0.01418898]
[-0.00593635 -0.07584941 -0.03662765 -0.02063544 -0.01448559]
[-0.00597606 -0.07589123 -0.03725748 -0.02077929 -0.01467548]
[-0.00598175 -0.07589772 -0.03762953 -0.02086864 -0.01479479]
[-0.00597727 -0.07589361 -0.03785084 -0.02092371 -0.01486889]
[-0.00597129 -0.07588783 -0.03798339 -0.02095747 -0.01491458]
[-0.00596637 -0.07588301 -0.03806318 -0.02097812 -0.0149426 ]
[-0.00596287 -0.07587957 -0.0381114  -0.02099072 -0.01495974]
[-0.00596055 -0.07587729 -0.03814061 -0.02099841 -0.01497021]
[-0.00595906 -0.07587583 -0.03815833 -0.02100309 -0.01497659]
[-0.00595813 -0.07587491 -0.0381691  -0.02100594 -0.01498047]
[-0.00595755 -0.07587434 -0.03817564 -0.02100767 -0.01498284]
[-0.0059572  -0.07587399 -0.03817962 -0.02100872 -0.01498428]
[-0.00595698 -0.07587378 -0.03818203 -0.02100937 -0.01498515]
[-0.00595685 -0.07587365 -0.0381835  -0.02100976 -0.01498569]
[-0.00595677 -0.07587357 -0.0381844  -0.02101    -0.01498601]
[-0.00595672 -0.07587352 -0.03818494 -0.02101014 -0.01498621]
[-0.00595669 -0.07587349 -0.03818528 -0.02101023 -0.01498633]
[-0.00595667 -0.07587347 -0.03818548 -0.02101028 -0.0149864 ]
[-0.00595666 -0.07587346 -0.0381856  -0.02101031 -0.01498645]
[-0.00595665 -0.07587345 -0.03818567 -0.02101033 -0.01498647]
[-0.00595665 -0.07587345 -0.03818572 -0.02101035 -0.01498649]
[-0.00595664 -0.07587345 -0.03818575 -0.02101035 -0.0149865 ]
[-0.00595664 -0.07587344 -0.03818576 -0.02101036 -0.01498651]
[-0.00595664 -0.07587344 -0.03818577 -0.02101036 -0.01498651]
[-0.00595664 -0.07587344 -0.03818578 -0.02101036 -0.01498651]
[-0.00595664 -0.07587344 -0.03818578 -0.02101036 -0.01498651]
[-0.00595664 -0.07587344 -0.03818579 -0.02101036 -0.01498651]
[-0.00595664 -0.07587344 -0.03818579 -0.02101036 -0.01498651]
[-0.00595664 -0.07587344 -0.03818579 -0.02101036 -0.01498651]


For year:2002

[-0.001884532684341177, 0.0021955250556081273, -0.004718638574902403, -0.0011018227282060275, -0.0007777644381250426]
[ 0.00137783  0.00971437  0.00886074 -0.00011431  0.00089299]
[0.00417087 0.01049856 0.01053428 0.00043975 0.00142439]
[0.0056562  0.01084331 0.01070968 0.00078276 0.00184556]
[0.00646464 0.01096766 0.01063591 0.00097967 0.00210747]
[0.0069075  0.01100511 0.01054399 0.00109017 0.00226059]
[0.00715108 0.01101335 0.01047458 0.00115202 0.00234856]
[0.00728575 0.01101306 0.0104288  0.00118671 0.00239876]
[0.00736061 0.01101101 0.01040039 0.00120621 0.00242732]
[0.00740242 0.01100914 0.01038336 0.00121719 0.00244353]
[0.00742585 0.0110078  0.01037336 0.00122339 0.00245273]
[0.00743903 0.01100695 0.01036757 0.00122688 0.00245794]
[0.00744645 0.01100643 0.01036424 0.00122885 0.00246089]
[0.00745063 0.01100612 0.01036233 0.00122997 0.00246256]
[0.007453   0.01100594 0.01036125 0.0012306  0.0024635 ]
[0.00745433 0.01100583 0.01036064 0.00123096 0.00246404]
[0.00745509 0.01100577 0.01036029 0.00123116 0.00246434]
[0.00745551 0.01100574 0.01036009 0.00123127 0.00246451]
[0.00745575 0.01100572 0.01035998 0.00123134 0.0024646 ]
[0.00745589 0.01100571 0.01035991 0.00123137 0.00246466]
[0.00745597 0.0110057  0.01035988 0.00123139 0.00246469]
[0.00745601 0.0110057  0.01035986 0.0012314  0.00246471]
[0.00745603 0.0110057  0.01035985 0.00123141 0.00246472]
[0.00745605 0.0110057  0.01035984 0.00123141 0.00246472]
[0.00745606 0.0110057  0.01035984 0.00123142 0.00246473]
[0.00745606 0.0110057  0.01035983 0.00123142 0.00246473]
[0.00745606 0.0110057  0.01035983 0.00123142 0.00246473]
[0.00745606 0.0110057  0.01035983 0.00123142 0.00246473]
[0.00745606 0.0110057  0.01035983 0.00123142 0.00246473]


For year:2003

[0.001674580992299104, 0.0040054716116475955, 0.0013039108335275475, 0.0009297106421547329, 0.0008896789117906252]
[0.00719487 0.01849798 0.00838524 0.00836069 0.00780653]
[0.00705133 0.02024111 0.01139938 0.00974564 0.00999304]
[0.00682696 0.0207656  0.01248067 0.01023004 0.01069116]
[0.00668706 0.02094082 0.01285042 0.01038238 0.01090671]
[0.00661274 0.02100301 0.01297648 0.01042754 0.01097145]
[0.00657602 0.02102621 0.01302021 0.01044025 0.01099044]
[0.0065586  0.02103522 0.0130358  0.01044356 0.01099584]
[0.00655053 0.02103884 0.01304153 0.0104443  0.01099729]
[0.00654685 0.02104032 0.0130437  0.0104444  0.01099764]
[0.00654519 0.02104095 0.01304456 0.01044438 0.01099771]
[0.00654444 0.02104122 0.0130449  0.01044434 0.01099771]
[0.00654411 0.02104133 0.01304504 0.01044432 0.0109977 ]
[0.00654396 0.02104138 0.0130451  0.01044431 0.01099769]
[0.00654389 0.0210414  0.01304512 0.0104443  0.01099769]
[0.00654386 0.02104141 0.01304514 0.0104443  0.01099769]
[0.00654385 0.02104142 0.01304514 0.0104443  0.01099769]
[0.00654385 0.02104142 0.01304514 0.0104443  0.01099769]
[0.00654384 0.02104142 0.01304514 0.0104443  0.01099768]
[0.00654384 0.02104142 0.01304514 0.0104443  0.01099768]
[0.00654384 0.02104142 0.01304514 0.0104443  0.01099768]


For year:2004

[0.0044112769403112885, -0.000624375678062963, -0.00042327270598115443, 0.0003442722616328032, 0.00013985100007762343]
[ 0.0097214  -0.00365165  0.0141445   0.00357146  0.00136309]
[ 0.01105818 -0.00332849  0.01555702  0.00380875  0.00148386]
[ 0.01177131 -0.0032043   0.01649246  0.00386082  0.00151432]
[ 0.0122067  -0.00314578  0.01709104  0.00389051  0.0015237 ]
[ 0.01248523 -0.00310719  0.01745996  0.00391146  0.00152942]
[ 0.01266481 -0.00307911  0.01768382  0.00392636  0.00153407]
[ 0.01278001 -0.00305903  0.01781942  0.00393661  0.00153772]
[ 0.01285336 -0.00304522  0.01790191  0.00394344  0.00154039]
[ 0.01289975 -0.00303601  0.01795238  0.00394788  0.00154223]
[ 0.01292895 -0.00303001  0.01798341  0.00395073  0.00154346]
[ 0.01294725 -0.00302617  0.01800257  0.00395254  0.00154426]
[ 0.01295871 -0.00302372  0.01801444  0.00395368  0.00154477]
[ 0.01296587 -0.00302219  0.0180218   0.0039544   0.0015451 ]
[ 0.01297033 -0.00302122  0.01802637  0.00395484  0.0015453 ]
[ 0.01297311 -0.00302061  0.01802922  0.00395512  0.00154543]
[ 0.01297485 -0.00302024  0.01803099  0.0039553   0.00154551]
[ 0.01297593 -0.00302     0.01803209  0.00395541  0.00154556]
[ 0.0129766  -0.00301985  0.01803277  0.00395548  0.00154559]
[ 0.01297702 -0.00301976  0.0180332   0.00395552  0.00154561]
[ 0.01297728 -0.00301971  0.01803347  0.00395554  0.00154562]
[ 0.01297745 -0.00301967  0.01803363  0.00395556  0.00154563]
[ 0.01297755 -0.00301965  0.01803374  0.00395557  0.00154564]
[ 0.01297761 -0.00301963  0.0180338   0.00395558  0.00154564]
[ 0.01297765 -0.00301963  0.01803384  0.00395558  0.00154564]
[ 0.01297768 -0.00301962  0.01803386  0.00395558  0.00154564]
[ 0.01297769 -0.00301962  0.01803388  0.00395558  0.00154564]
[ 0.0129777  -0.00301961  0.01803389  0.00395559  0.00154564]
[ 0.01297771 -0.00301961  0.0180339   0.00395559  0.00154564]
[ 0.01297771 -0.00301961  0.0180339   0.00395559  0.00154564]
[ 0.01297771 -0.00301961  0.0180339   0.00395559  0.00154564]
[ 0.01297771 -0.00301961  0.0180339   0.00395559  0.00154564]
[ 0.01297772 -0.00301961  0.0180339   0.00395559  0.00154564]
[ 0.01297772 -0.00301961  0.0180339   0.00395559  0.00154564]


For year:2005

[0.0031026393620744996, 0.0002222733929392294, 0.0002931543614454734, 0.00011287952099887473, -6.044797364652364e-06]
[ 0.00204434 -0.00502191 -0.00048818 -0.0006501  -0.00181349]
[ 2.00912083e-03 -7.41568762e-03 -1.01508262e-03 -4.67635178e-05
 -1.24922316e-03]
[ 0.00222999 -0.00846885 -0.00138337  0.00034112 -0.0008343 ]
[ 0.00240126 -0.00891267 -0.00156802  0.00055364 -0.0005998 ]
[ 0.00249538 -0.00910047 -0.00163923  0.00066664 -0.0004781 ]
[ 0.00254292 -0.0091803  -0.0016615   0.00072631 -0.00041623]
[ 0.00256666 -0.00921461 -0.00166635  0.00075786 -0.00038468]
[ 0.0025786  -0.00922963 -0.00166605  0.00077457 -0.00036845]
[ 0.00258467 -0.00923637 -0.00166476  0.00078344 -0.00036004]
[ 0.00258779 -0.00923947 -0.00166363  0.00078813 -0.00035566]
[ 0.0025894  -0.00924093 -0.00166286  0.00079062 -0.00035337]
[ 0.00259024 -0.00924164 -0.00166239  0.00079194 -0.00035217]
[ 0.00259067 -0.00924198 -0.00166211  0.00079264 -0.00035153]
[ 0.0025909  -0.00924215 -0.00166196  0.00079301 -0.0003512 ]
[ 0.00259102 -0.00924224 -0.00166187  0.0007932  -0.00035103]
[ 0.00259108 -0.00924229 -0.00166183  0.00079331 -0.00035093]
[ 0.00259112 -0.00924231 -0.0016618   0.00079336 -0.00035089]
[ 0.00259113 -0.00924232 -0.00166179  0.00079339 -0.00035086]
[ 0.00259114 -0.00924233 -0.00166178  0.00079341 -0.00035085]
[ 0.00259115 -0.00924233 -0.00166178  0.00079341 -0.00035084]
[ 0.00259115 -0.00924233 -0.00166177  0.00079342 -0.00035084]
[ 0.00259115 -0.00924233 -0.00166177  0.00079342 -0.00035083]
[ 0.00259115 -0.00924233 -0.00166177  0.00079342 -0.00035083]
[ 0.00259115 -0.00924233 -0.00166177  0.00079342 -0.00035083]


For year:2006

[0.0006725494195051477, -0.000697935361823015, 0.00022302497108327092, 0.000516083703256245, 0.0005885118587981845]
[ 0.01264691 -0.00518999  0.01840699  0.00496145  0.00259361]
[ 0.01460933 -0.00462508  0.01909637  0.00495762  0.00137748]
[ 0.01560912 -0.0044953   0.01928089  0.00495884  0.00085744]
[ 0.01609329 -0.00449853  0.01935413  0.0049381   0.00057943]
[ 0.01632797 -0.00451951  0.01938842  0.00491729  0.00042433]
[ 0.01644425 -0.00453506  0.01940622  0.00490273  0.00033813]
[ 0.0165033  -0.00454423  0.01941585  0.00489384  0.00029076]
[ 0.01653385 -0.00454927  0.0194211   0.00488874  0.00026499]
[ 0.01654988 -0.00455198  0.01942396  0.0048859   0.00025106]
[ 0.01655834 -0.00455343  0.0194255   0.00488436  0.00024357]
[ 0.01656284 -0.0045542   0.01942633  0.00488352  0.00023955]
[ 0.01656524 -0.00455461  0.01942678  0.00488307  0.0002374 ]
[ 0.01656652 -0.00455482  0.01942702  0.00488283  0.00023624]
[ 0.0165672  -0.00455494  0.01942715  0.0048827   0.00023563]
[ 0.01656756 -0.004555    0.01942722  0.00488263  0.0002353 ]
[ 0.01656776 -0.00455504  0.01942725  0.00488259  0.00023512]
[ 0.01656786 -0.00455506  0.01942727  0.00488257  0.00023503]
[ 0.01656792 -0.00455507  0.01942728  0.00488256  0.00023498]
[ 0.01656795 -0.00455507  0.01942729  0.00488256  0.00023495]
[ 0.01656796 -0.00455507  0.01942729  0.00488255  0.00023493]
[ 0.01656797 -0.00455507  0.0194273   0.00488255  0.00023493]
[ 0.01656798 -0.00455508  0.0194273   0.00488255  0.00023492]
[ 0.01656798 -0.00455508  0.0194273   0.00488255  0.00023492]
[ 0.01656798 -0.00455508  0.0194273   0.00488255  0.00023492]
[ 0.01656798 -0.00455508  0.0194273   0.00488255  0.00023492]


For year:2007

[0.0034485771502717933, 0.0033900122853304476, -0.0026323790678779613, 0.00013889712711101694, 0.0002661730178073019]
[ 0.00632679 -0.01039352 -0.00388368 -0.00084257 -0.00134279]
[ 0.00579579 -0.01248456 -0.00159848 -0.00080928 -0.00210193]
[ 0.00543072 -0.01311863 -0.00090995 -0.00081296 -0.00232569]
[ 0.0053198  -0.01327201 -0.00074053 -0.00081688 -0.00238426]
[ 0.00529178 -0.01330569 -0.00070362 -0.00081966 -0.00239984]
[ 0.00528442 -0.0133125  -0.00069629 -0.00082155 -0.00240504]
[ 0.00528206 -0.0133136  -0.0006952  -0.00082283 -0.00240739]
[ 0.00528105 -0.01331358 -0.00069529 -0.00082368 -0.00240872]
[ 0.0052805  -0.0133134  -0.00069554 -0.00082425 -0.00240955]
[ 0.00528015 -0.01331325 -0.00069574 -0.00082463 -0.0024101 ]
[ 0.00527993 -0.01331314 -0.00069589 -0.00082489 -0.00241046]
[ 0.00527978 -0.01331306 -0.00069599 -0.00082506 -0.0024107 ]
[ 0.00527969 -0.01331301 -0.00069605 -0.00082517 -0.00241086]
[ 0.00527962 -0.01331298 -0.0006961  -0.00082525 -0.00241097]
[ 0.00527958 -0.01331295 -0.00069613 -0.0008253  -0.00241104]
[ 0.00527955 -0.01331294 -0.00069614 -0.00082533 -0.00241109]
[ 0.00527953 -0.01331293 -0.00069616 -0.00082536 -0.00241112]
[ 0.00527952 -0.01331292 -0.00069617 -0.00082537 -0.00241114]
[ 0.00527951 -0.01331292 -0.00069617 -0.00082538 -0.00241116]
[ 0.0052795  -0.01331292 -0.00069618 -0.00082539 -0.00241117]
[ 0.0052795  -0.01331291 -0.00069618 -0.00082539 -0.00241117]
[ 0.0052795  -0.01331291 -0.00069618 -0.00082539 -0.00241118]
[ 0.00527949 -0.01331291 -0.00069618 -0.0008254  -0.00241118]
[ 0.00527949 -0.01331291 -0.00069618 -0.0008254  -0.00241118]
[ 0.00527949 -0.01331291 -0.00069618 -0.0008254  -0.00241118]
[ 0.00527949 -0.01331291 -0.00069618 -0.0008254  -0.00241118]
[ 0.00527949 -0.01331291 -0.00069618 -0.0008254  -0.00241119]


For year:2008

[-0.0033273355125352758, -0.0024290784396458582, -0.004282493723287538, -0.001982520962668284, -0.0017119120307618981]
[-0.01198655 -0.00652089 -0.0143088  -0.00425411 -0.00516422]
[-0.01381651 -0.00909888 -0.01679697 -0.00484071 -0.00527266]
[-0.01461267 -0.01018126 -0.01756115 -0.00525134 -0.00533745]
[-0.01499337 -0.01066732 -0.01788723 -0.00547444 -0.00538167]
[-0.01517932 -0.01089888 -0.01804202 -0.00558719 -0.00540569]
[-0.01527067 -0.01101286 -0.0181174  -0.00564308 -0.00541733]
[-0.01531564 -0.01106987 -0.0181544  -0.00567061 -0.00542263]
[-0.0153378  -0.01109859 -0.01817261 -0.00568415 -0.00542495]
[-0.01534874 -0.01111311 -0.0181816  -0.0056908  -0.00542594]
[-0.01535414 -0.01112046 -0.01818604 -0.00569407 -0.00542634]
[-0.01535681 -0.01112418 -0.01818824 -0.00569568 -0.0054265 ]
[-0.01535813 -0.01112607 -0.01818933 -0.00569647 -0.00542656]
[-0.01535879 -0.01112702 -0.01818987 -0.00569686 -0.00542658]
[-0.01535911 -0.0111275  -0.01819014 -0.00569705 -0.00542659]
[-0.01535927 -0.01112774 -0.01819027 -0.00569715 -0.00542659]
[-0.01535935 -0.01112787 -0.01819034 -0.00569719 -0.00542659]
[-0.01535939 -0.01112793 -0.01819037 -0.00569722 -0.00542659]
[-0.01535941 -0.01112796 -0.01819038 -0.00569723 -0.00542659]
[-0.01535942 -0.01112798 -0.01819039 -0.00569723 -0.00542658]
[-0.01535943 -0.01112798 -0.0181904  -0.00569724 -0.00542658]
[-0.01535943 -0.01112799 -0.0181904  -0.00569724 -0.00542658]
[-0.01535943 -0.01112799 -0.0181904  -0.00569724 -0.00542658]
[-0.01535943 -0.01112799 -0.0181904  -0.00569724 -0.00542658]
[-0.01535943 -0.01112799 -0.0181904  -0.00569724 -0.00542658]


For year:2009

[0.0036027936271842407, 0.003944138974929073, 0.005884554425668894, 0.0009357756142876195, 0.0007798485347647701]
[-0.00282794  0.01580561  0.04360258 -0.00126503  0.00213   ]
[-0.00150392  0.01763182  0.05772043  0.00209005  0.00509839]
[0.00134214 0.01665057 0.06550356 0.00522417 0.00642913]
[0.00266412 0.01567851 0.07049918 0.00746436 0.00740652]
[0.00290707 0.01494334 0.07357838 0.0089805  0.00816081]
[0.00271474 0.01441992 0.07544517 0.0100016  0.0087239 ]
[0.00241839 0.01405512 0.07661589 0.01070445 0.00913969]
[0.00213755 0.01379779 0.0773934  0.01120459 0.00944905]
[0.00190098 0.01361115 0.0779394  0.01157266 0.00968309]
[0.00170806 0.01347161 0.07834044 0.01185169 0.00986366]
[0.00155135 0.01336442 0.07864534 0.01206853 0.01000566]
[0.00142337 0.01328019 0.07888339 0.01224054 0.01011924]
[0.00131798 0.01321274 0.07907315 0.01237932 0.01021145]
[0.00123043 0.0131579  0.07922697 0.01249287 0.01028725]
[0.00115711 0.01311273 0.07935338 0.01258686 0.01035023]
[0.00109525 0.01307513 0.07945842 0.01266544 0.01040305]
[0.00104273 0.01304354 0.07954654 0.01273168 0.01044767]
[0.00099788 0.01301681 0.07962105 0.01278792 0.01048563]
[0.00095938 0.01299403 0.07968447 0.01283594 0.01051811]
[0.0009262  0.01297452 0.07973877 0.01287718 0.01054602]
[0.00089749 0.01295772 0.07978547 0.01291273 0.01057013]
[0.00087255 0.0129432  0.07982583 0.01294352 0.01059102]
[0.00085085 0.0129306  0.07986082 0.01297026 0.01060918]
[0.00083189 0.01291965 0.07989125 0.01299355 0.01062502]
[0.00081531 0.01291008 0.0799178  0.0130139  0.01063885]
[0.00080077 0.01290172 0.07994102 0.01303171 0.01065098]
[0.00078799 0.01289439 0.07996136 0.01304733 0.01066161]
[0.00077676 0.01288795 0.07997921 0.01306106 0.01067096]
[0.00076686 0.01288229 0.07999491 0.01307314 0.01067919]
[0.00075813 0.01287731 0.08000874 0.01308378 0.01068645]
[0.00075043 0.01287291 0.08002093 0.01309317 0.01069285]
[0.00074362 0.01286903 0.08003169 0.01310146 0.0106985 ]
[0.00073759 0.0128656  0.08004119 0.01310879 0.0107035 ]
[0.00073226 0.01286257 0.0800496  0.01311528 0.01070793]
[0.00072754 0.01285989 0.08005704 0.01312102 0.01071184]
[0.00072336 0.01285751 0.08006362 0.0131261  0.01071531]
[0.00071964 0.01285541 0.08006946 0.01313061 0.01071839]
[0.00071635 0.01285354 0.08007464 0.01313461 0.01072112]
[0.00071343 0.01285188 0.08007923 0.01313815 0.01072354]
[0.00071084 0.01285041 0.0800833  0.0131413  0.01072569]
[0.00070854 0.01284911 0.08008692 0.01314409 0.0107276 ]
[0.00070649 0.01284795 0.08009013 0.01314657 0.01072929]
[0.00070467 0.01284692 0.08009298 0.01314878 0.0107308 ]
[0.00070306 0.01284601 0.08009551 0.01315074 0.01073214]
[0.00070162 0.01284519 0.08009776 0.01315248 0.01073332]
[0.00070034 0.01284447 0.08009977 0.01315403 0.01073438]
[0.00069921 0.01284383 0.08010155 0.0131554  0.01073532]
[0.0006982  0.01284326 0.08010313 0.01315663 0.01073616]
[0.0006973  0.01284275 0.08010453 0.01315771 0.0107369 ]
[0.0006965  0.0128423  0.08010579 0.01315868 0.01073756]
[0.00069579 0.0128419  0.0801069  0.01315954 0.01073815]
[0.00069516 0.01284154 0.08010789 0.01316031 0.01073867]
[0.0006946  0.01284122 0.08010877 0.01316099 0.01073914]
[0.0006941  0.01284094 0.08010956 0.0131616  0.01073955]
[0.00069365 0.01284069 0.08011025 0.01316214 0.01073992]
[0.00069325 0.01284046 0.08011087 0.01316262 0.01074025]
[0.0006929  0.01284026 0.08011143 0.01316305 0.01074054]
[0.00069259 0.01284009 0.08011192 0.01316343 0.0107408 ]
[0.00069231 0.01283993 0.08011236 0.01316376 0.01074103]
[0.00069206 0.01283979 0.08011275 0.01316407 0.01074124]
[0.00069184 0.01283966 0.08011309 0.01316433 0.01074142]
[0.00069164 0.01283955 0.0801134  0.01316457 0.01074159]
[0.00069146 0.01283945 0.08011368 0.01316479 0.01074173]
[0.00069131 0.01283936 0.08011392 0.01316497 0.01074186]
[0.00069117 0.01283929 0.08011414 0.01316514 0.01074198]
[0.00069104 0.01283922 0.08011433 0.01316529 0.01074208]
[0.00069093 0.01283915 0.0801145  0.01316543 0.01074217]
[0.00069084 0.0128391  0.08011466 0.01316555 0.01074225]
[0.00069075 0.01283905 0.08011479 0.01316565 0.01074232]
[0.00069067 0.012839   0.08011492 0.01316575 0.01074239]
[0.0006906  0.01283897 0.08011502 0.01316583 0.01074245]
[0.00069054 0.01283893 0.08011512 0.0131659  0.0107425 ]
[0.00069049 0.0128389  0.08011521 0.01316597 0.01074254]
[0.00069044 0.01283887 0.08011528 0.01316603 0.01074258]
[0.00069039 0.01283885 0.08011535 0.01316608 0.01074262]
[0.00069035 0.01283883 0.08011541 0.01316613 0.01074265]
[0.00069032 0.01283881 0.08011547 0.01316617 0.01074268]
[0.00069029 0.01283879 0.08011551 0.01316621 0.0107427 ]
[0.00069026 0.01283877 0.08011556 0.01316624 0.01074273]
[0.00069024 0.01283876 0.0801156  0.01316627 0.01074275]
[0.00069022 0.01283875 0.08011563 0.0131663  0.01074276]
[0.0006902  0.01283874 0.08011566 0.01316632 0.01074278]
[0.00069018 0.01283873 0.08011569 0.01316634 0.0107428 ]
[0.00069016 0.01283872 0.08011571 0.01316636 0.01074281]
[0.00069015 0.01283871 0.08011573 0.01316638 0.01074282]
[0.00069014 0.0128387  0.08011575 0.01316639 0.01074283]
[0.00069013 0.0128387  0.08011577 0.0131664  0.01074284]
[0.00069012 0.01283869 0.08011578 0.01316642 0.01074285]
[0.00069011 0.01283869 0.0801158  0.01316643 0.01074285]
[0.0006901  0.01283868 0.08011581 0.01316644 0.01074286]
[0.0006901  0.01283868 0.08011582 0.01316644 0.01074286]
[0.00069009 0.01283868 0.08011583 0.01316645 0.01074287]
[0.00069008 0.01283867 0.08011584 0.01316646 0.01074287]
[0.00069008 0.01283867 0.08011584 0.01316646 0.01074288]
[0.00069007 0.01283867 0.08011585 0.01316647 0.01074288]
[0.00069007 0.01283867 0.08011586 0.01316647 0.01074288]
[0.00069007 0.01283866 0.08011586 0.01316648 0.01074289]
[0.00069006 0.01283866 0.08011587 0.01316648 0.01074289]
[0.00069006 0.01283866 0.08011587 0.01316648 0.01074289]
[0.00069006 0.01283866 0.08011587 0.01316649 0.01074289]
[0.00069006 0.01283866 0.08011588 0.01316649 0.0107429 ]
[0.00069006 0.01283866 0.08011588 0.01316649 0.0107429 ]
[0.00069005 0.01283866 0.08011588 0.01316649 0.0107429 ]
[0.00069005 0.01283865 0.08011589 0.0131665  0.0107429 ]
[0.00069005 0.01283865 0.08011589 0.0131665  0.0107429 ]
[0.00069005 0.01283865 0.08011589 0.0131665  0.0107429 ]
[0.00069005 0.01283865 0.08011589 0.0131665  0.0107429 ]
[0.00069005 0.01283865 0.08011589 0.0131665  0.0107429 ]
[0.00069005 0.01283865 0.08011589 0.0131665  0.0107429 ]
[0.00069005 0.01283865 0.0801159  0.0131665  0.01074291]
[0.00069005 0.01283865 0.0801159  0.0131665  0.01074291]
[0.00069004 0.01283865 0.0801159  0.0131665  0.01074291]
[0.00069004 0.01283865 0.0801159  0.0131665  0.01074291]
[0.00069004 0.01283865 0.0801159  0.01316651 0.01074291]
[0.00069004 0.01283865 0.0801159  0.01316651 0.01074291]
[0.00069004 0.01283865 0.0801159  0.01316651 0.01074291]


For year:2010

[0.0016491872311580648, 0.0011236083567535678, -0.0012173729079131322, 0.0004253747865972922, 0.0003665596918646572]
[-0.00173042 -0.00840793  0.00457909  0.00117461 -0.00079428]
[-0.00209869 -0.00967391  0.00577354  0.00091103 -0.000958  ]
[-0.0023014  -0.00994387  0.00600255  0.00090038 -0.00088523]
[-0.00237597 -0.01004186  0.00605174  0.00091856 -0.00081514]
[-0.00240407 -0.01008751  0.00606207  0.00093282 -0.00077204]
[-0.00241584 -0.01011048  0.0060637   0.00094134 -0.00074806]
[-0.00242125 -0.01012232  0.00606359  0.00094605 -0.00073517]
[-0.00242389 -0.01012849  0.00606329  0.00094858 -0.00072834]
[-0.00242522 -0.01013171  0.00606306  0.00094992 -0.00072474]
[-0.00242591 -0.0101334   0.00606293  0.00095063 -0.00072284]
[-0.00242626 -0.01013428  0.00606285  0.000951   -0.00072185]
[-0.00242645 -0.01013474  0.00606281  0.00095119 -0.00072133]
[-0.00242655 -0.01013499  0.00606279  0.00095129 -0.00072106]
[-0.0024266  -0.01013511  0.00606278  0.00095135 -0.00072091]
[-0.00242662 -0.01013518  0.00606278  0.00095138 -0.00072084]
[-0.00242664 -0.01013521  0.00606277  0.00095139 -0.0007208 ]
[-0.00242664 -0.01013523  0.00606277  0.0009514  -0.00072078]
[-0.00242665 -0.01013524  0.00606277  0.0009514  -0.00072077]
[-0.00242665 -0.01013525  0.00606277  0.0009514  -0.00072076]
[-0.00242665 -0.01013525  0.00606277  0.0009514  -0.00072076]
[-0.00242665 -0.01013525  0.00606277  0.00095141 -0.00072076]
[-0.00242665 -0.01013525  0.00606277  0.00095141 -0.00072076]
[-0.00242665 -0.01013525  0.00606277  0.00095141 -0.00072076]


For year:2011

[0.0008837450987852823, -0.0001921291991085307, -0.000928363478839504, 1.545966208043801e-05, 0.00023859355945468467]
[0.00209606 0.00306449 0.00799674 0.00094336 0.0011335 ]
[0.00446824 0.00391665 0.01313843 0.00237099 0.00164331]
[0.00629986 0.00479845 0.0165638  0.00356706 0.00189958]
[0.0075506  0.0054324  0.01882701 0.00440427 0.00204405]
[0.00833524 0.00585035 0.02022948 0.00492644 0.00212718]
[0.00880733 0.00613517 0.02104417 0.00522756 0.00217682]
[0.00908755 0.00633463 0.02149971 0.00539297 0.00220852]
[0.0092541  0.00647312 0.02175166 0.00548215 0.00222959]
[0.00935375 0.00656677 0.02189209 0.00553044 0.00224362]
[0.00941376 0.00662839 0.02197165 0.00555704 0.00225283]
[0.0094501  0.00666803 0.02201755 0.00557203 0.00225876]
[0.00947217 0.00669311 0.02204446 0.00558065 0.00226252]
[0.00948561 0.00670881 0.02206044 0.00558569 0.00226487]
[0.00949381 0.00671855 0.02207002 0.00558869 0.00226634]
[0.00949881 0.00672456 0.0220758  0.00559048 0.00226724]
[0.00950187 0.00672826 0.0220793  0.00559156 0.0022678 ]
[0.00950374 0.00673054 0.02208143 0.00559222 0.00226814]
[0.00950488 0.00673193 0.02208273 0.00559262 0.00226835]
[0.00950557 0.00673278 0.02208352 0.00559286 0.00226848]
[0.009506   0.0067333  0.022084   0.00559301 0.00226856]
[0.00950626 0.00673362 0.0220843  0.0055931  0.00226861]
[0.00950642 0.00673382 0.02208448 0.00559315 0.00226864]
[0.00950652 0.00673394 0.02208459 0.00559319 0.00226866]
[0.00950658 0.00673401 0.02208465 0.00559321 0.00226867]
[0.00950661 0.00673406 0.0220847  0.00559322 0.00226868]
[0.00950663 0.00673408 0.02208472 0.00559323 0.00226868]
[0.00950665 0.0067341  0.02208474 0.00559323 0.00226868]
[0.00950666 0.00673411 0.02208475 0.00559324 0.00226868]
[0.00950666 0.00673412 0.02208475 0.00559324 0.00226868]
[0.00950666 0.00673412 0.02208475 0.00559324 0.00226869]
[0.00950667 0.00673412 0.02208476 0.00559324 0.00226869]
[0.00950667 0.00673412 0.02208476 0.00559324 0.00226869]
[0.00950667 0.00673412 0.02208476 0.00559324 0.00226869]
[0.00950667 0.00673412 0.02208476 0.00559324 0.00226869]


For year:2012

[0.0009409922633868791, 0.0013630909875260362, -7.74217718118237e-05, 0.0004110813014028434, 0.0002068008852082841]
[0.00952062 0.01276409 0.0231626  0.00153305 0.0026431 ]
[0.01034516 0.0126464  0.02566502 0.00369494 0.00129956]
[0.010738   0.01217039 0.02723762 0.00491975 0.00067606]
[0.01095198 0.01191834 0.02814386 0.00579278 0.00031477]
[1.10831873e-02 1.18329983e-02 2.86376503e-02 6.41679253e-03
 7.77535864e-05]
[ 1.11673884e-02  1.18190196e-02  2.89106594e-02  6.86096985e-03
 -8.26468171e-05]
[ 0.01122405  0.01182781  0.02907213  0.00718182 -0.00019458]
[ 0.01126412  0.01184157  0.02917578  0.00741951 -0.00027558]
[ 0.01129368  0.01185496  0.02924716  0.00760045 -0.00033625]
[ 0.01131626  0.01186671  0.02929901  0.0077417  -0.00038305]
[ 0.011334    0.01187672  0.02933822  0.00785439 -0.00042008]
[ 0.01134824  0.0118852   0.02936878  0.00794595 -0.00044997]
[ 0.01135988  0.01189241  0.02939319  0.00802152 -0.00047451]
[ 0.01136954  0.01189857  0.02941306  0.00808472 -0.00049495]
[ 0.01137767  0.01190387  0.02942951  0.00813817 -0.00051218]
[ 0.01138458  0.01190845  0.02944329  0.00818383 -0.00052685]
[ 0.0113905   0.01191243  0.02945498  0.00822314 -0.00053946]
[ 0.01139562  0.01191591  0.02946498  0.00825725 -0.00055037]
[ 0.01140007  0.01191897  0.02947361  0.00828703 -0.00055989]
[ 0.01140397  0.01192167  0.02948111  0.00831317 -0.00056823]
[ 0.01140741  0.01192407  0.02948767  0.00833624 -0.00057558]
[ 0.01141044  0.0119262   0.02949344  0.00835668 -0.00058208]
[ 0.01141314  0.0119281   0.02949854  0.00837486 -0.00058786]
[ 0.01141555  0.01192981  0.02950306  0.00839109 -0.00059302]
[ 0.0114177   0.01193134  0.02950709  0.00840563 -0.00059763]
[ 0.01141962  0.01193272  0.02951069  0.00841868 -0.00060178]
[ 0.01142136  0.01193396  0.02951391  0.00843044 -0.0006055 ]
[ 0.01142292  0.01193508  0.02951681  0.00844104 -0.00060886]
[ 0.01142433  0.0119361   0.02951943  0.00845063 -0.0006119 ]
[ 0.01142561  0.01193702  0.02952179  0.00845932 -0.00061465]
[ 0.01142677  0.01193786  0.02952392  0.0084672  -0.00061714]
[ 0.01142782  0.01193862  0.02952586  0.00847436 -0.00061941]
[ 0.01142878  0.01193932  0.02952761  0.00848088 -0.00062147]
[ 0.01142965  0.01193995  0.02952921  0.00848682 -0.00062334]
[ 0.01143045  0.01194053  0.02953067  0.00849224 -0.00062506]
[ 0.01143117  0.01194106  0.02953199  0.00849718 -0.00062662]
[ 0.01143184  0.01194154  0.0295332   0.00850171 -0.00062805]
[ 0.01143244  0.01194198  0.02953431  0.00850585 -0.00062935]
[ 0.011433    0.01194239  0.02953532  0.00850964 -0.00063055]
[ 0.01143351  0.01194276  0.02953624  0.00851311 -0.00063165]
[ 0.01143397  0.0119431   0.02953709  0.00851629 -0.00063265]
[ 0.0114344   0.01194342  0.02953787  0.00851921 -0.00063357]
[ 0.01143479  0.0119437   0.02953858  0.0085219  -0.00063442]
[ 0.01143516  0.01194397  0.02953923  0.00852436 -0.0006352 ]
[ 0.01143549  0.01194421  0.02953983  0.00852662 -0.00063591]
[ 0.01143579  0.01194444  0.02954038  0.00852871 -0.00063657]
[ 0.01143607  0.01194464  0.02954089  0.00853062 -0.00063717]
[ 0.01143633  0.01194483  0.02954136  0.00853238 -0.00063773]
[ 0.01143657  0.01194501  0.02954179  0.00853401 -0.00063824]
[ 0.01143678  0.01194517  0.02954218  0.0085355  -0.00063871]
[ 0.01143698  0.01194531  0.02954254  0.00853687 -0.00063914]
[ 0.01143717  0.01194545  0.02954288  0.00853814 -0.00063954]
[ 0.01143734  0.01194558  0.02954319  0.00853931 -0.00063991]
[ 0.0114375   0.01194569  0.02954347  0.00854038 -0.00064025]
[ 0.01143764  0.0119458   0.02954373  0.00854138 -0.00064056]
[ 0.01143778  0.0119459   0.02954397  0.00854229 -0.00064085]
[ 0.0114379   0.01194599  0.0295442   0.00854313 -0.00064112]
[ 0.01143801  0.01194607  0.0295444   0.00854391 -0.00064136]
[ 0.01143812  0.01194615  0.02954459  0.00854463 -0.00064159]
[ 0.01143821  0.01194622  0.02954476  0.00854529 -0.0006418 ]
[ 0.0114383   0.01194629  0.02954493  0.0085459  -0.00064199]
[ 0.01143839  0.01194635  0.02954507  0.00854647 -0.00064217]
[ 0.01143846  0.0119464   0.02954521  0.00854699 -0.00064233]
[ 0.01143853  0.01194645  0.02954534  0.00854747 -0.00064248]
[ 0.0114386   0.0119465   0.02954545  0.00854791 -0.00064262]
[ 0.01143866  0.01194655  0.02954556  0.00854832 -0.00064275]
[ 0.01143871  0.01194659  0.02954566  0.0085487  -0.00064287]
[ 0.01143876  0.01194662  0.02954575  0.00854905 -0.00064298]
[ 0.01143881  0.01194666  0.02954584  0.00854937 -0.00064308]
[ 0.01143885  0.01194669  0.02954592  0.00854967 -0.00064318]
[ 0.01143889  0.01194672  0.02954599  0.00854995 -0.00064326]
[ 0.01143893  0.01194675  0.02954606  0.0085502  -0.00064335]
[ 0.01143897  0.01194677  0.02954612  0.00855044 -0.00064342]
[ 0.011439    0.0119468   0.02954617  0.00855065 -0.00064349]
[ 0.01143903  0.01194682  0.02954623  0.00855085 -0.00064355]
[ 0.01143905  0.01194684  0.02954628  0.00855104 -0.00064361]
[ 0.01143908  0.01194686  0.02954632  0.00855121 -0.00064366]
[ 0.0114391   0.01194687  0.02954636  0.00855137 -0.00064371]
[ 0.01143912  0.01194689  0.0295464   0.00855151 -0.00064376]
[ 0.01143914  0.0119469   0.02954644  0.00855165 -0.0006438 ]
[ 0.01143916  0.01194692  0.02954647  0.00855177 -0.00064384]
[ 0.01143918  0.01194693  0.0295465   0.00855189 -0.00064388]
[ 0.01143919  0.01194694  0.02954653  0.00855199 -0.00064391]
[ 0.01143921  0.01194695  0.02954655  0.00855209 -0.00064394]
[ 0.01143922  0.01194696  0.02954658  0.00855218 -0.00064397]
[ 0.01143923  0.01194697  0.0295466   0.00855227 -0.000644  ]
[ 0.01143924  0.01194698  0.02954662  0.00855234 -0.00064402]
[ 0.01143925  0.01194699  0.02954664  0.00855242 -0.00064404]
[ 0.01143926  0.01194699  0.02954666  0.00855248 -0.00064406]
[ 0.01143927  0.011947    0.02954667  0.00855254 -0.00064408]
[ 0.01143928  0.01194701  0.02954669  0.0085526  -0.0006441 ]
[ 0.01143929  0.01194701  0.0295467   0.00855265 -0.00064412]
[ 0.0114393   0.01194702  0.02954671  0.0085527  -0.00064413]
[ 0.0114393   0.01194702  0.02954672  0.00855275 -0.00064415]
[ 0.01143931  0.01194703  0.02954674  0.00855279 -0.00064416]
[ 0.01143931  0.01194703  0.02954675  0.00855282 -0.00064417]
[ 0.01143932  0.01194703  0.02954675  0.00855286 -0.00064418]
[ 0.01143932  0.01194704  0.02954676  0.00855289 -0.00064419]
[ 0.01143933  0.01194704  0.02954677  0.00855292 -0.0006442 ]
[ 0.01143933  0.01194704  0.02954678  0.00855295 -0.00064421]
[ 0.01143934  0.01194705  0.02954679  0.00855298 -0.00064422]
[ 0.01143934  0.01194705  0.02954679  0.008553   -0.00064423]
[ 0.01143934  0.01194705  0.0295468   0.00855302 -0.00064423]
[ 0.01143935  0.01194705  0.0295468   0.00855304 -0.00064424]
[ 0.01143935  0.01194706  0.02954681  0.00855306 -0.00064425]
[ 0.01143935  0.01194706  0.02954681  0.00855308 -0.00064425]
[ 0.01143935  0.01194706  0.02954682  0.00855309 -0.00064426]
[ 0.01143936  0.01194706  0.02954682  0.00855311 -0.00064426]
[ 0.01143936  0.01194706  0.02954682  0.00855312 -0.00064427]
[ 0.01143936  0.01194706  0.02954683  0.00855313 -0.00064427]
[ 0.01143936  0.01194707  0.02954683  0.00855315 -0.00064427]
[ 0.01143936  0.01194707  0.02954683  0.00855316 -0.00064428]
[ 0.01143936  0.01194707  0.02954684  0.00855317 -0.00064428]
[ 0.01143937  0.01194707  0.02954684  0.00855318 -0.00064428]
[ 0.01143937  0.01194707  0.02954684  0.00855319 -0.00064429]
[ 0.01143937  0.01194707  0.02954684  0.00855319 -0.00064429]
[ 0.01143937  0.01194707  0.02954684  0.0085532  -0.00064429]
[ 0.01143937  0.01194707  0.02954685  0.00855321 -0.00064429]
[ 0.01143937  0.01194707  0.02954685  0.00855321 -0.00064429]
[ 0.01143937  0.01194707  0.02954685  0.00855322 -0.0006443 ]
[ 0.01143937  0.01194707  0.02954685  0.00855322 -0.0006443 ]
[ 0.01143937  0.01194707  0.02954685  0.00855323 -0.0006443 ]
[ 0.01143937  0.01194708  0.02954685  0.00855323 -0.0006443 ]
[ 0.01143937  0.01194708  0.02954685  0.00855324 -0.0006443 ]
[ 0.01143938  0.01194708  0.02954685  0.00855324 -0.0006443 ]
[ 0.01143938  0.01194708  0.02954686  0.00855325 -0.0006443 ]
[ 0.01143938  0.01194708  0.02954686  0.00855325 -0.00064431]
[ 0.01143938  0.01194708  0.02954686  0.00855325 -0.00064431]
[ 0.01143938  0.01194708  0.02954686  0.00855325 -0.00064431]
[ 0.01143938  0.01194708  0.02954686  0.00855326 -0.00064431]
[ 0.01143938  0.01194708  0.02954686  0.00855326 -0.00064431]
[ 0.01143938  0.01194708  0.02954686  0.00855326 -0.00064431]
[ 0.01143938  0.01194708  0.02954686  0.00855326 -0.00064431]
[ 0.01143938  0.01194708  0.02954686  0.00855327 -0.00064431]
[ 0.01143938  0.01194708  0.02954686  0.00855327 -0.00064431]
[ 0.01143938  0.01194708  0.02954686  0.00855327 -0.00064431]
[ 0.01143938  0.01194708  0.02954686  0.00855327 -0.00064431]
[ 0.01143938  0.01194708  0.02954686  0.00855327 -0.00064431]
[ 0.01143938  0.01194708  0.02954686  0.00855327 -0.00064431]
[ 0.01143938  0.01194708  0.02954686  0.00855327 -0.00064431]
[ 0.01143938  0.01194708  0.02954686  0.00855328 -0.00064431]
[ 0.01143938  0.01194708  0.02954686  0.00855328 -0.00064431]
[ 0.01143938  0.01194708  0.02954686  0.00855328 -0.00064431]
[ 0.01143938  0.01194708  0.02954686  0.00855328 -0.00064431]


For year:2013

[0.00032548479066484747, 0.0019114236715969915, 0.0049564815890577, 0.0010956556825982833, 0.0009679643589290326]
[-0.00223123  0.01331093  0.01935884  0.00330192  0.0059524 ]
[-0.00400336  0.01332518  0.02050305  0.00315098  0.0056546 ]
[-0.00486882  0.01326931  0.02090311  0.00312939  0.00570744]
[-0.00529434  0.01323323  0.02105074  0.00312276  0.00576605]
[-0.00550042  0.0132157   0.021108    0.00311939  0.0058002 ]
[-0.00559914  0.01320768  0.02113134  0.00311761  0.00581783]
[-0.00564614  0.01320401  0.02114125  0.00311672  0.00582658]
[-0.00566845  0.01320231  0.02114561  0.00311629  0.00583084]
[-0.00567901  0.01320152  0.02114757  0.00311608  0.0058329 ]
[-0.00568401  0.01320115  0.02114846  0.00311599  0.00583389]
[-0.00568638  0.01320097  0.02114888  0.00311594  0.00583436]
[-0.0056875   0.01320089  0.02114907  0.00311592  0.00583459]
[-0.00568803  0.01320085  0.02114916  0.00311591  0.0058347 ]
[-0.00568828  0.01320083  0.0211492   0.00311591  0.00583475]
[-0.00568839  0.01320082  0.02114922  0.0031159   0.00583477]
[-0.00568845  0.01320082  0.02114923  0.0031159   0.00583478]
[-0.00568848  0.01320081  0.02114924  0.0031159   0.00583479]
[-0.00568849  0.01320081  0.02114924  0.0031159   0.00583479]
[-0.00568849  0.01320081  0.02114924  0.0031159   0.00583479]
[-0.0056885   0.01320081  0.02114924  0.0031159   0.00583479]
[-0.0056885   0.01320081  0.02114924  0.0031159   0.00583479]
[-0.0056885   0.01320081  0.02114924  0.0031159   0.00583479]


For year:2014

[0.0014056835373739433, -0.0009375479152669047, 0.002001052295973367, 0.0004848169348749427, 0.00033958540194741117]
[-2.12738878e-05  1.57208895e-03  1.55878740e-03 -1.36896791e-03
 -7.95281127e-04]
[-0.00043716  0.00177055  0.00164598 -0.0013444  -0.00071162]
[-0.00059906  0.00182301  0.00172556 -0.00132885 -0.00067499]
[-0.00065967  0.00184846  0.00177075 -0.00132162 -0.00065697]
[-0.00068167  0.00186211  0.00179587 -0.00131827 -0.0006478 ]
[-0.00068937  0.00186964  0.00180994 -0.00131666 -0.00064299]
[-0.00069189  0.00187386  0.00181789 -0.00131586 -0.00064039]
[-0.00069262  0.00187624  0.00182242 -0.00131545 -0.00063897]
[-0.00069276  0.0018776   0.001825   -0.00131523 -0.00063817]
[-0.00069274  0.00187838  0.00182649 -0.00131511 -0.00063772]
[-0.00069269  0.00187882  0.00182734 -0.00131504 -0.00063746]
[-0.00069264  0.00187908  0.00182783 -0.001315   -0.00063732]
[-0.00069261  0.00187923  0.00182812 -0.00131498 -0.00063723]
[-0.00069259  0.00187931  0.00182828 -0.00131497 -0.00063719]
[-0.00069258  0.00187936  0.00182837 -0.00131496 -0.00063716]
[-0.00069257  0.00187939  0.00182843 -0.00131496 -0.00063714]
[-0.00069256  0.00187941  0.00182846 -0.00131495 -0.00063713]
[-0.00069256  0.00187942  0.00182848 -0.00131495 -0.00063713]
[-0.00069256  0.00187942  0.00182849 -0.00131495 -0.00063712]
[-0.00069256  0.00187943  0.00182849 -0.00131495 -0.00063712]
[-0.00069256  0.00187943  0.0018285  -0.00131495 -0.00063712]
[-0.00069256  0.00187943  0.0018285  -0.00131495 -0.00063712]
[-0.00069256  0.00187943  0.0018285  -0.00131495 -0.00063712]
[-0.00069256  0.00187943  0.0018285  -0.00131495 -0.00063712]


For year:2015

[-0.00020980683167888095, 0.003132676441696987, -0.003658525729376023, -5.4944749179742414e-05, -8.85630463481016e-05]
[-0.00973068 -0.00488089 -0.01040425 -0.00526579 -0.00583898]
[-0.0128049  -0.00593732 -0.01220107 -0.00702039 -0.00773614]
[-0.01350349 -0.00703729 -0.0129859  -0.00735773 -0.0081515 ]
[-0.01380805 -0.00783937 -0.01353174 -0.00748481 -0.0083177 ]
[-0.01400074 -0.00835459 -0.0138824  -0.00756793 -0.00843657]
[-0.0141237  -0.00867203 -0.01409716 -0.00762421 -0.00852478]
[-0.01419947 -0.008864   -0.01422631 -0.00766061 -0.00858628]
[-0.01424511 -0.00897903 -0.01430345 -0.00768337 -0.00862695]
[-0.01427232 -0.00904766 -0.01434941 -0.0076973  -0.00865287]
[-0.01428847 -0.00908854 -0.01437676 -0.00770573 -0.00866899]
[-0.01429805 -0.00911286 -0.01439304 -0.0077108  -0.00867885]
[-0.01430374 -0.00912732 -0.01440272 -0.00771383 -0.00868483]
[-0.01430711 -0.00913593 -0.01440848 -0.00771564 -0.00868842]
[-0.01430912 -0.00914105 -0.01441191 -0.00771672 -0.00869057]
[-0.01431031 -0.00914409 -0.01441395 -0.00771736 -0.00869186]
[-0.01431102 -0.0091459  -0.01441516 -0.00771774 -0.00869263]
[-0.01431144 -0.00914698 -0.01441588 -0.00771797 -0.00869308]
[-0.01431169 -0.00914762 -0.01441631 -0.0077181  -0.00869336]
[-0.01431184 -0.009148   -0.01441657 -0.00771819 -0.00869352]
[-0.01431193 -0.00914823 -0.01441672 -0.00771823 -0.00869361]
[-0.01431198 -0.00914836 -0.01441681 -0.00771826 -0.00869367]
[-0.01431201 -0.00914844 -0.01441686 -0.00771828 -0.00869371]
[-0.01431203 -0.00914849 -0.0144169  -0.00771829 -0.00869373]
[-0.01431204 -0.00914852 -0.01441691 -0.00771829 -0.00869374]
[-0.01431205 -0.00914854 -0.01441693 -0.0077183  -0.00869374]
[-0.01431205 -0.00914855 -0.01441693 -0.0077183  -0.00869375]
[-0.01431205 -0.00914855 -0.01441694 -0.0077183  -0.00869375]
[-0.01431205 -0.00914856 -0.01441694 -0.0077183  -0.00869375]
[-0.01431205 -0.00914856 -0.01441694 -0.0077183  -0.00869375]
[-0.01431206 -0.00914856 -0.01441694 -0.0077183  -0.00869375]
[-0.01431206 -0.00914856 -0.01441694 -0.0077183  -0.00869375]
[-0.01431206 -0.00914856 -0.01441694 -0.0077183  -0.00869375]


For year:2016

[0.00034228455906346224, 0.00043968752772261926, 0.0018279822368073686, 0.00036212585301561044, 0.0004761416523405083]
[-0.01119861 -0.01531003 -0.00445623 -0.00728098 -0.01507561]
[-0.01419649 -0.01596491 -0.0071588  -0.00817101 -0.01501733]
[-0.01582594 -0.01694369 -0.00809072 -0.00895651 -0.01450446]
[-0.01694893 -0.01776251 -0.00847782 -0.00947957 -0.01411189]
[-0.01772887 -0.01836949 -0.00866381 -0.00982753 -0.01383773]
[-0.01826736 -0.01880149 -0.00876207 -0.01006085 -0.01364969]
[-0.01863771 -0.01910362 -0.00881752 -0.01021825 -0.01352126]
[-0.0188919  -0.01931311 -0.00885039 -0.01032492 -0.01343359]
[-0.01906618 -0.01945766 -0.00887064 -0.01039743 -0.0133737 ]
[-0.01918562 -0.01955714 -0.00888348 -0.01044684 -0.01333277]
[-0.01926745 -0.01962548 -0.00889181 -0.01048056 -0.01330478]
[-0.01932351 -0.01967238 -0.00889729 -0.0105036  -0.01328564]
[-0.0193619  -0.01970455 -0.00890095 -0.01051935 -0.01327253]
[-0.0193882  -0.0197266  -0.00890341 -0.01053013 -0.01326356]
[-0.01940621 -0.01974171 -0.00890507 -0.0105375  -0.01325742]
[-0.01941855 -0.01975206 -0.0089062  -0.01054255 -0.01325321]
[-0.019427   -0.01975915 -0.00890697 -0.01054601 -0.01325033]
[-0.01943278 -0.01976401 -0.00890749 -0.01054837 -0.01324836]
[-0.01943675 -0.01976734 -0.00890785 -0.01054999 -0.01324701]
[-0.01943946 -0.01976962 -0.00890809 -0.0105511  -0.01324609]
[-0.01944132 -0.01977118 -0.00890826 -0.01055186 -0.01324545]
[-0.01944259 -0.01977225 -0.00890838 -0.01055238 -0.01324502]
[-0.01944347 -0.01977298 -0.00890845 -0.01055274 -0.01324472]
[-0.01944406 -0.01977349 -0.00890851 -0.01055298 -0.01324452]
[-0.01944447 -0.01977383 -0.00890854 -0.01055315 -0.01324438]
[-0.01944475 -0.01977406 -0.00890857 -0.01055327 -0.01324429]
[-0.01944495 -0.01977423 -0.00890859 -0.01055334 -0.01324422]
[-0.01944508 -0.01977434 -0.0089086  -0.0105534  -0.01324418]
[-0.01944517 -0.01977441 -0.00890861 -0.01055343 -0.01324414]
[-0.01944523 -0.01977446 -0.00890861 -0.01055346 -0.01324412]
[-0.01944527 -0.0197745  -0.00890862 -0.01055348 -0.01324411]
[-0.0194453  -0.01977452 -0.00890862 -0.01055349 -0.0132441 ]
[-0.01944532 -0.01977454 -0.00890862 -0.0105535  -0.01324409]
[-0.01944533 -0.01977455 -0.00890862 -0.0105535  -0.01324409]
[-0.01944534 -0.01977456 -0.00890862 -0.01055351 -0.01324408]
[-0.01944535 -0.01977456 -0.00890862 -0.01055351 -0.01324408]
[-0.01944535 -0.01977457 -0.00890862 -0.01055351 -0.01324408]
[-0.01944536 -0.01977457 -0.00890862 -0.01055351 -0.01324408]
[-0.01944536 -0.01977457 -0.00890862 -0.01055351 -0.01324408]
[-0.01944536 -0.01977457 -0.00890862 -0.01055351 -0.01324408]
[-0.01944536 -0.01977457 -0.00890862 -0.01055351 -0.01324408]
[-0.01944536 -0.01977457 -0.00890862 -0.01055351 -0.01324408]


For year:2017

[0.0015126478077367497, 0.0017269470970527124, 0.002496208657135099, 0.0007094142310685876, 0.000898355032036064]
[ 0.00161985  0.00668021 -0.00465335  0.00204562  0.0011222 ]
[ 0.00207667  0.00772687 -0.00768084  0.00214033  0.00117828]
[ 0.00213824  0.00777665 -0.00863474  0.00221109  0.00122942]
[ 0.00208899  0.00763466 -0.00891925  0.00224341  0.00125609]
[ 0.00202682  0.00748733 -0.00903435  0.00226271  0.00127258]
[ 0.00197359  0.0073656  -0.00910368  0.00227672  0.00128457]
[ 0.00193124  0.00726946 -0.00915504  0.00228763  0.00129383]
[ 0.00189799  0.00719408 -0.0091956   0.00229628  0.0013011 ]
[ 0.00187188  0.00713483 -0.00922811  0.0023032   0.00130687]
[ 0.00185128  0.00708809 -0.00925427  0.00230873  0.00131145]
[ 0.00183499  0.00705108 -0.00927532  0.00231317  0.00131511]
[ 0.00182205  0.00702168 -0.00929226  0.00231672  0.00131803]
[ 0.00181174  0.00699826 -0.00930588  0.00231958  0.00132036]
[ 0.00180352  0.00697957 -0.00931685  0.00232187  0.00132223]
[ 0.00179695  0.00696463 -0.00932567  0.00232371  0.00132373]
[ 0.00179169  0.00695266 -0.00933277  0.00232519  0.00132493]
[ 0.00178748  0.00694307 -0.00933848  0.00232638  0.00132589]
[ 0.0017841   0.00693538 -0.00934308  0.00232734  0.00132667]
[ 0.00178138  0.00692921 -0.00934679  0.00232811  0.00132729]
[ 0.0017792   0.00692424 -0.00934977  0.00232873  0.00132779]
[ 0.00177745  0.00692026 -0.00935216  0.00232923  0.0013282 ]
[ 0.00177604  0.00691705 -0.0093541   0.00232963  0.00132852]
[ 0.00177491  0.00691447 -0.00935565  0.00232996  0.00132878]
[ 0.001774    0.0069124  -0.0093569   0.00233022  0.00132899]
[ 0.00177327  0.00691073 -0.00935791  0.00233042  0.00132916]
[ 0.00177268  0.00690939 -0.00935872  0.00233059  0.0013293 ]
[ 0.0017722   0.00690831 -0.00935938  0.00233073  0.0013294 ]
[ 0.00177182  0.00690744 -0.0093599   0.00233084  0.00132949]
[ 0.00177151  0.00690674 -0.00936033  0.00233093  0.00132956]
[ 0.00177127  0.00690618 -0.00936067  0.002331    0.00132962]
[ 0.00177107  0.00690572 -0.00936094  0.00233105  0.00132967]
[ 0.00177091  0.00690536 -0.00936116  0.0023311   0.0013297 ]
[ 0.00177078  0.00690506 -0.00936134  0.00233114  0.00132973]
[ 0.00177067  0.00690483 -0.00936148  0.00233117  0.00132976]
[ 0.00177059  0.00690463 -0.0093616   0.00233119  0.00132978]
[ 0.00177052  0.00690448 -0.00936169  0.00233121  0.00132979]
[ 0.00177047  0.00690436 -0.00936177  0.00233123  0.00132981]
[ 0.00177042  0.00690426 -0.00936183  0.00233124  0.00132982]
[ 0.00177039  0.00690418 -0.00936188  0.00233125  0.00132982]
[ 0.00177036  0.00690411 -0.00936192  0.00233126  0.00132983]
[ 0.00177034  0.00690406 -0.00936195  0.00233126  0.00132984]
[ 0.00177032  0.00690402 -0.00936197  0.00233127  0.00132984]
[ 0.0017703   0.00690399 -0.00936199  0.00233127  0.00132984]
[ 0.00177029  0.00690396 -0.00936201  0.00233128  0.00132985]
[ 0.00177028  0.00690394 -0.00936202  0.00233128  0.00132985]
[ 0.00177028  0.00690392 -0.00936203  0.00233128  0.00132985]
[ 0.00177027  0.0069039  -0.00936204  0.00233128  0.00132985]
[ 0.00177026  0.00690389 -0.00936205  0.00233128  0.00132985]
[ 0.00177026  0.00690388 -0.00936205  0.00233129  0.00132985]
[ 0.00177026  0.00690388 -0.00936206  0.00233129  0.00132985]
[ 0.00177025  0.00690387 -0.00936206  0.00233129  0.00132985]
[ 0.00177025  0.00690387 -0.00936207  0.00233129  0.00132985]
[ 0.00177025  0.00690386 -0.00936207  0.00233129  0.00132986]
[ 0.00177025  0.00690386 -0.00936207  0.00233129  0.00132986]
[ 0.00177025  0.00690386 -0.00936207  0.00233129  0.00132986]
[ 0.00177025  0.00690385 -0.00936207  0.00233129  0.00132986]
[ 0.00177025  0.00690385 -0.00936207  0.00233129  0.00132986]
[ 0.00177025  0.00690385 -0.00936207  0.00233129  0.00132986]
[ 0.00177025  0.00690385 -0.00936208  0.00233129  0.00132986]
[ 0.00177025  0.00690385 -0.00936208  0.00233129  0.00132986]
[ 0.00177024  0.00690385 -0.00936208  0.00233129  0.00132986]


For year:2018

[0.0012963747112885939, 0.0021450368627525833, 0.00020820041115452735, 0.0001526472767462299, 0.00011215484222814416]
[0.00289454 0.00596728 0.00377772 0.0026069  0.00355058]
[0.00390093 0.00842915 0.00500038 0.00369931 0.00462579]
[0.00435638 0.0092758  0.00483959 0.0041407  0.00510977]
[0.00455676 0.00956206 0.00445811 0.00430317 0.00532138]
[0.00468091 0.00971551 0.00415006 0.00439697 0.00545181]
[0.00477298 0.0098257  0.00392587 0.00446752 0.00554814]
[0.00484459 0.00991086 0.00376089 0.00452368 0.00562279]
[0.00490134 0.00997806 0.00363599 0.00456898 0.00568179]
[0.00494697 0.01003186 0.00353892 0.00460586 0.00572914]
[0.00498415 0.01007552 0.00346187 0.00463619 0.00576765]
[0.00501479 0.01011136 0.00339964 0.00466136 0.00579934]
[0.0050403  0.01014111 0.00334865 0.00468243 0.0058257 ]
[0.00506173 0.01016603 0.00330636 0.00470021 0.00584782]
[0.00507987 0.01018707 0.00327095 0.00471531 0.00586653]
[0.00509532 0.01020496 0.00324104 0.00472821 0.00588246]
[0.00510857 0.01022026 0.00321559 0.0047393  0.00589611]
[0.00511998 0.01023343 0.00319381 0.00474887 0.00590786]
[0.00512985 0.0102448  0.00317506 0.00475717 0.00591802]
[0.00513843 0.01025467 0.00315885 0.00476438 0.00592685]
[0.0051459  0.01026326 0.00314477 0.00477068 0.00593454]
[0.00515244 0.01027076 0.00313251 0.00477619 0.00594126]
[0.00515816 0.01027733 0.0031218  0.00478103 0.00594715]
[0.00516319 0.0102831  0.00311241 0.00478528 0.00595232]
[0.00516762 0.01028817 0.00310417 0.00478902 0.00595687]
[0.00517153 0.01029264 0.00309691 0.00479232 0.00596088]
[0.00517498 0.01029659 0.00309051 0.00479524 0.00596443]
[0.00517803 0.01030008 0.00308486 0.00479783 0.00596756]
[0.00518073 0.01030317 0.00307987 0.00480011 0.00597034]
[0.00518312 0.01030591 0.00307544 0.00480215 0.0059728 ]
[0.00518525 0.01030834 0.00307152 0.00480395 0.00597498]
[0.00518714 0.01031049 0.00306804 0.00480555 0.00597692]
[0.00518881 0.01031241 0.00306494 0.00480697 0.00597864]
[0.00519031 0.01031412 0.0030622  0.00480824 0.00598018]
[0.00519164 0.01031563 0.00305975 0.00480937 0.00598154]
[0.00519282 0.01031699 0.00305757 0.00481037 0.00598276]
[0.00519387 0.01031819 0.00305564 0.00481127 0.00598384]
[0.00519481 0.01031926 0.00305391 0.00481207 0.00598481]
[0.00519565 0.01032022 0.00305237 0.00481278 0.00598567]
[0.0051964  0.01032107 0.003051   0.00481341 0.00598643]
[0.00519707 0.01032183 0.00304977 0.00481398 0.00598712]
[0.00519766 0.01032251 0.00304868 0.00481449 0.00598773]
[0.0051982  0.01032312 0.0030477  0.00481494 0.00598828]
[0.00519867 0.01032366 0.00304683 0.00481534 0.00598877]
[0.0051991  0.01032415 0.00304605 0.0048157  0.0059892 ]
[0.00519948 0.01032458 0.00304536 0.00481603 0.00598959]
[0.00519981 0.01032497 0.00304474 0.00481631 0.00598994]
[0.00520012 0.01032531 0.00304418 0.00481657 0.00599025]
[0.00520039 0.01032562 0.00304369 0.0048168  0.00599053]
[0.00520063 0.0103259  0.00304324 0.00481701 0.00599078]
[0.00520085 0.01032614 0.00304285 0.00481719 0.005991  ]
[0.00520104 0.01032636 0.00304249 0.00481735 0.0059912 ]
[0.00520121 0.01032656 0.00304218 0.0048175  0.00599137]
[0.00520137 0.01032674 0.00304189 0.00481763 0.00599153]
[0.0052015  0.01032689 0.00304164 0.00481775 0.00599167]
[0.00520163 0.01032704 0.00304141 0.00481786 0.0059918 ]
[0.00520174 0.01032716 0.00304121 0.00481795 0.00599191]
[0.00520184 0.01032727 0.00304103 0.00481803 0.00599202]
[0.00520193 0.01032737 0.00304087 0.00481811 0.00599211]
[0.00520201 0.01032747 0.00304072 0.00481818 0.00599219]
[0.00520208 0.01032755 0.00304059 0.00481824 0.00599226]
[0.00520214 0.01032762 0.00304048 0.00481829 0.00599233]
[0.0052022  0.01032768 0.00304037 0.00481834 0.00599238]
[0.00520225 0.01032774 0.00304028 0.00481838 0.00599244]
[0.00520229 0.01032779 0.0030402  0.00481842 0.00599248]
[0.00520233 0.01032784 0.00304012 0.00481845 0.00599252]
[0.00520237 0.01032788 0.00304006 0.00481849 0.00599256]
[0.0052024  0.01032792 0.00304    0.00481851 0.00599259]
[0.00520243 0.01032795 0.00303995 0.00481854 0.00599262]
[0.00520246 0.01032798 0.0030399  0.00481856 0.00599265]
[0.00520248 0.01032801 0.00303986 0.00481858 0.00599268]
[0.0052025  0.01032803 0.00303982 0.0048186  0.0059927 ]
[0.00520252 0.01032805 0.00303978 0.00481861 0.00599272]
[0.00520254 0.01032807 0.00303975 0.00481863 0.00599273]
[0.00520255 0.01032809 0.00303973 0.00481864 0.00599275]
[0.00520256 0.0103281  0.0030397  0.00481865 0.00599276]
[0.00520258 0.01032812 0.00303968 0.00481866 0.00599277]
[0.00520259 0.01032813 0.00303966 0.00481867 0.00599278]
[0.0052026  0.01032814 0.00303964 0.00481868 0.00599279]
[0.0052026  0.01032815 0.00303963 0.00481869 0.0059928 ]
[0.00520261 0.01032816 0.00303961 0.00481869 0.00599281]
[0.00520262 0.01032816 0.0030396  0.0048187  0.00599282]
[0.00520262 0.01032817 0.00303959 0.0048187  0.00599282]
[0.00520263 0.01032818 0.00303958 0.00481871 0.00599283]
[0.00520264 0.01032818 0.00303957 0.00481871 0.00599283]
[0.00520264 0.01032819 0.00303956 0.00481872 0.00599284]
[0.00520264 0.01032819 0.00303956 0.00481872 0.00599284]
[0.00520265 0.0103282  0.00303955 0.00481872 0.00599285]
[0.00520265 0.0103282  0.00303954 0.00481872 0.00599285]
[0.00520265 0.0103282  0.00303954 0.00481873 0.00599285]
[0.00520266 0.01032821 0.00303953 0.00481873 0.00599286]
[0.00520266 0.01032821 0.00303953 0.00481873 0.00599286]
[0.00520266 0.01032821 0.00303953 0.00481873 0.00599286]
[0.00520266 0.01032821 0.00303952 0.00481873 0.00599286]
[0.00520266 0.01032822 0.00303952 0.00481874 0.00599286]
[0.00520266 0.01032822 0.00303952 0.00481874 0.00599287]
[0.00520267 0.01032822 0.00303951 0.00481874 0.00599287]
[0.00520267 0.01032822 0.00303951 0.00481874 0.00599287]
[0.00520267 0.01032822 0.00303951 0.00481874 0.00599287]
[0.00520267 0.01032822 0.00303951 0.00481874 0.00599287]
[0.00520267 0.01032822 0.00303951 0.00481874 0.00599287]
[0.00520267 0.01032822 0.00303951 0.00481874 0.00599287]
[0.00520267 0.01032822 0.0030395  0.00481874 0.00599287]
[0.00520267 0.01032823 0.0030395  0.00481874 0.00599287]
[0.00520267 0.01032823 0.0030395  0.00481874 0.00599287]
[0.00520267 0.01032823 0.0030395  0.00481874 0.00599287]
[0.00520267 0.01032823 0.0030395  0.00481874 0.00599287]
[0.00520267 0.01032823 0.0030395  0.00481874 0.00599287]
[0.00520267 0.01032823 0.0030395  0.00481874 0.00599287]


